647
17579
5897
82037
6353
42407
20543
59621
74441
86341
79411
6263
29201
35603
46399
93719
24379
101483
89417
439
1063
15241
91573
84481
38609
18869
69829
31177
38281
59693
9739
63179
24821
5449
46771
18233
74101
45827
65203
21163
5783
3697
73369
34499
17737
76487
100207
74131
6997
983
62071
49639
19391
8293
54011
72937
8963
43411
11251
25747
25307
102181
101377
6947
104239
74929
96137
48121
14563
6577
2459
90847
36307
101141
56209
72211
71887
34421
5881
32831
95083
87523
24989
52051
90677
11717
81083
60343
23189
81773
94873
52457
36697
62773
27179
102229
3137
64693
35617
87013
4993
51517
80341
20707
71153
100183
69767
487
173
67733
5851
2267
99829
11483
54163
72167
49369
86813
77347
48991
27043
73943
23003
29879
92671
29287
45833
20341
24979
577
99551
94543
71879
17341
27551
41333
99079
47221
733
63353
79153
31771
12497
55579
11969
101377
10369
67619
36269
35153
64621
42433
18743
32369
877
421
18451
50849
82811
54151
72221
94169
83233
54091
10007
44543
31859
77863
86357
73877
93949
74597
103813
47857
87151
11027
31687
72767
15901
10559
4663
87557
98717
59069
48397
19891
56509
35753
13757
631
10321
20611
19597
83833
65357
47743
51131
80317
12799
85627
16097
34607
2239
43717
70321
46499
61703
98573
1999
26693
12491
6521
2063
36559
75641
55691
78887
20479
58727
9241
17053
104053
30323
20287
43753
42061
93287
101341
31991
16759
34871
31991
61291
67453
76541
95071
57347
63527
55331
50773
66643
10103
25307
8537
16349
14323
47513
3023
31541
71453
91921
7673
39133
75833
32203
45139
16319
99173
59351
17539
81101
68041
57119
45691
75503
21179
20543
36809
69911
68087
65921
35671
77641
88117
63097
56843
49201
15413
90149
7951
67477
87473
72031
33679
49339
52153
59149
84979
9283
95617
31019
68711
46819
16139
14783
59029
81181
94121
99119
37243
11743
36251
35339
87557
12479
7
19853
53719
50411
63493
63617
4261
22937
44729
73237
96419
43777
93851
44917
34591
49727
83773
97021
80263
68611
2423
57373
70501
96979
34687
93487
94421
94111
27541
52919
17239
103801
1291
27631
104287
44257
31123
57193
20071
14303
31249
40153
80687
373
52183
25679
35053
102191
8353
101183
84179
98963
12109
91237
79939
38239
3989
16267
68501
34673
25561
50773
84061
75557
6451
73379
72341
36269
12653
55333
22907
12011
98953
66943
45959
84653
63029
47161
85087
68219
85021
58411
36761
68927
45281
91141
67157
101359
44389
77191
31193
74779
42359
63031
48481
67447
66359
61627
37123
21587
62791
55219
9049
90647
27847
89119
29863
50153
81421
47051
40099
99349
51431
99469
73679
103451
20981
64381
104179
23761
16661
69431
78607
68891
44449
27527
81967
58733
104119
79181
86369
70223
22741
83449
101341
80209
84449
55411
22367
52127
2053
70573
33287
30557
1297
20599
91159
73757
46141
47779
6551
33037
48907
19727
14479
79817
15073
15647
44267
101429
66739
59513
83077
80603
20983
98837
37277
18539
1907
53507
46771
27739
54013
73637
30643
95617
53759
149
28393
89669
78173
3779
1051
51109
12203
59561
67499
84349
5641
51913
83773
82483
26717
73999
95527
83449
67709
9341
42901
66809
90977
66413
15241
61559
62297
14149
95317
19793
70709
28057
63649
74099
85933
85009
100153
42073
20399
15259
46523
103231
60763
20747
32363
3163
18553
53017
23813
68963
44687
54269
89767
10753
89209
42677
74161
15971
42181
19717
77291
11299
27773
52747
34747
92353
3767
97241
3089
62497
47
4933
95479
101149
92921
4561
47639
27541
2861
87359
4363
4139
51647
52951
22501
7127
17881
43451
71549
72307
53129
6899
96703
29741
101341
40471
31153
40471
49831
64217
28283
63533
38461
13697
78901
46591
45337
76649
48313
3527
88801
13477
64037
51827
103393
26099
33181
71887
43261
25097
49391
52919
87257
977
89231
47237
17021
91097
86711
25561
66797
70891
30763
33863
74353
6359
50221
79357
40507
38921
98801
4603
56611
15061
44887
19471
41617
29383
95461
59333
5209
78283
104297
57751
95971
75731
63913
82787
2693
57143
3571
27539
1117
53783
74411
91381
43991
94793
86197
79259
56957
91397
25247
75619
88079
85363
9719
6173
21011
91591
94483
15299
26153
41243
66071
52223
99191
17497
31729
81299
41959
81001
44809
12251
1061
14621
78853
62819
86561
50119
50273
95959
1913
307
89527
5039
67021
35533
10909
58207
83311
88211
13337
53113
40903
2473
90371
59659
85621
56099
36571
84017
4801
62297
77369
2803
18869
31883
103231
85121
75689
93001
40169
74357
52561
12979
35059
1213
37967
54001
24923
8009
5783
51991
60611
38287
57923
55667
22111
54833
92479
26267
59443
34283
59999
50891
77279
52837
66587
104513
92381
40037
12007
57283
3607
32653
19471
86243
89431
97459
6301
43969
45853
641
41777
13963
26647
80567
52757
55849
67883
78511
36653
69847
72763
12613
49429
4153
13487
61717
41593
55163
82883
61129
76463
94273
85933
11807
94057
41513
52253
93307
65287
71167
39419
10867
5749
92867
80167
33427
79147
24043
28793
12527
27103
23039
6781
24151
95083
14653
49139
42061
46573
53617
90631
34631
51949
26891
16183
36683
68963
16661
29663
61231
41467
64333
96289
8101
22367
5749
77137
46819
17881
33829
54101
102437
27823
41893
41389
57347
1619
92507
51437
31657
44617
72797
6047
63179
5647
81847
13219
59
89491
49207
92707
37361
1231
59539
69379
76519
5381
36343
78941
66889
62057
24793
67547
51109
85639
100193
73961
59093
89839
94121
32443
66343
65147
59051
8719
15349
23159
50111
27073
62743
1153
94099
30091
34919
34549
101627
20627
83077
61729
34471
15227
1753
54521
72251
99469
1069
19319
57917
73867
2141
73327
83003
23971
18899
27743
21977
67307
33403
91781
45259
18803
10477
83443
37447
100333
28447
16883
53507
39541
15737
33487
94309
69067
4561
10663
79357
31607
58699
64679
35851
49891
99707
11527
61837
28837
25127
58921
5501
29717
55441
73553
28813
77659
3853
38737
47933
66791
97651
88643
65581
30103
78193
30941
43721
71147
29201
92459
30671
40801
51383
33391
85451
14683
103643
14887
57389
61723
52859
15031
46351
41357
48679
95153
51059
26713
64553
79939
1291
28631
6857
24203
91571
24809
28579
53773
12721
90947
99623
9857
70667
31307
92357
81401
59107
66571
32939
97459
92723
67211
87959
55073
48733
13037
29179
68897
98999
8563
42821
54917
4583
81071
103123
46171
66293
8513
46073
99377
5813
89491
70393
14753
28909
67741
73673
59419
99041
32429
77101
86477
70921
23789
70327
62929
61723
6959
77029
80363
76463
38821
46439
54829
30223
5279
96487
33641
15349
96553
94483
49031
87253
58417
91873
83221
3253
81677
17189
25601
101467
74353
19801
76103
104243
59981
80447
36767
73727
82189
93187
30253
93323
5557
50527
74897
8647
77659
23197
94483
6841
82889
66403
92243
88729
31357
28751
91691
43853
71453
93187
89681
72227
95561
33353
95257
32957
94201
61283
31891
14879
34141
74279
61471
48857
42433
81703
16229
65003
8821
91823
39979
47701
78401
87587
100703
94057
101599
34337
56957
24697
73727
63361
4813
63377
37181
50671
1109
9091
84521
44771
98773
35201
36847
92641
66403
14657
27431
9871
42239
13
23143
86939
16481
15601
90203
38737
55351
48821
92993
39251
70451
82799
83273
40903
81047
79147
47609
35671
38449
95231
29759
65479
60353
58193
60757
24439
54679
90803
17497
45677
53777
773
84697
53917
78707
31151
16103
93281
21893
15787
4561
82727
97241
43049
95581
25849
83689
25469
13523
88801
70981
30727
61333
43411
26801
79601
18803
48109
56993
68023
34549
53857
82633
45377
7607
93481
65179
30059
26371
62753
96667
12457
25237
26839
94439
61559
43597
3691
6563
97553
51869
14197
1093
11197
1931
10103
77351
22691
27431
29333
77317
103
45427
23581
8387
34499
85639
73331
74531
97021
56921
56503
34483
6703
87473
1579
63443
16631
9239
85711
52813
77263
75389
68113
60919
55313
95027
38767
8719
19309
79601
829
11593
21341
13417
41341
60649
85247
100811
11657
103423
26987
25147
92243
38971
62897
30911
31891
6547
18133
79861
77513
99149
56053
90191
74521
29633
3527
11699
1609
86069
101341
65731
13721
4877
53773
44647
11251
87797
3631
62987
99733
5573
63913
37441
2557
84691
79147
83273
57427
33629
307
10589
20479
52667
97423
17033
84559
40277
52177
9733
94651
94933
21871
35491
36887
5171
83639
28793
100733
45697
8537
881
100799
31489
1721
45569
75239
66413
104417
42391
102763
7537
71347
69247
49547
82699
39163
84421
72089
84631
91423
71399
88211
58481
23981
18367
60449
18679
317
70327
67619
37607
91141
89527
79699
49393
91571
45263
75979
61673
5813
69247
59539
17477
96907
277
6091
70969
41893
25411
99571
769
57587
53693
24551
40009
89633
90821
97007
71119
99133
52259
41333
35251
68443
73181
41777
79631
17657
83257
29021
78277
20717
12821
82619
94063
87337
21821
23203
51521
59011
39089
6211
21977
92789
3019
27581
55351
46171
69691
89209
35597
65599
24077
4951
31513
95311
26927
71039
29753
58757
641
2203
28961
72461
14891
21773
92219
23071
27431
13109
60763
72661
40241
15761
104473
58991
53147
11743
1103
6619
104399
103843
81157
67289
67057
71633
65419
109
56957
71849
10639
33073
41057
99527
9433
62507
74707
101869
23581
36529
81293
853
34591
93419
61673
12511
6337
52919
97213
24809
63617
30593
89083
7229
87869
57947
25523
10973
47093
16067
34381
67447
32309
36209
103591
104537
33289
64609
25253
74653
70373
82571
101281
15761
3881
100153
48761
54647
18367
32479
58763
44651
85669
82963
1361
87359
16189
13781
66173
77731
5417
84991
39769
44753
14419
63629
13829
66533
63299
62213
31517
45307
99277
69997
95213
42193
98849
18973
56911
70181
17377
50423
13259
35339
32983
39953
84859
92849
48259
58271
4229
67429
85313
58231
1753
33457
17827
32887
32831
18287
13171
2237
13477
65963
12379
20161
41549
7621
14627
100999
24767
70297
10259
58189
66841
60937
24419
35099
42797
52153
98429
51647
103651
13451
80141
98561
42793
92179
41737
9343
75703
50177
3491
66221
51437
3083
101561
85147
33533
16361
14207
95989
9319
8039
81013
22291
1229
92041
29123
9857
18341
13921
21187
9341
95947
79531
8111
18401
92707
63377
3083
26953
74453
104113
90313
65497
43117
27481
95107
10007
9103
75619
20323
98809
36781
93703
12671
92221
15581
3583
4603
60733
23209
13249
100363
21569
36979
48187
68611
22171
85447
36943
72823
15919
56533
1453
94793
62869
12959
30307
44273
51047
78259
30937
80749
47699
49529
6473
22067
32839
74521
82559
78541
27397
32797
11827
70921
87679
17053
76129
81013
30517
877
37951
6661
91969
51133
96221
49157
45481
2713
67867
1033
64919
11351
21787
52057
100043
73589
61987
98377
87313
98627
90911
40177
9283
55333
26309
39937
98299
13339
89767
4127
22613
71059
42953
65147
43987
22501
38447
90071
49477
56473
3823
48179
81049
101599
52543
12791
88471
46199
9619
86423
91841
85597
7757
43753
58771
34429
7963
8839
44533
41203
102181
29123
28319
104207
23957
69233
50053
71713
66457
85733
20747
85607
84449
20143
65831
80471
99529
86111
102881
27143
75773
7219
79399
27299
21773
103867
73961
22013
15161
48157
22961
1319
26297
27539
84211
8101
6397
51349
4877
65657
70241
1129
32713
99089
30319
102253
101527
23549
43189
5521
93893
38261
65647
30089
19727
25679
69337
14929
17027
81019
56873
71741
14767
69341
65033
54631
62017
6547
47819
9049
69239
3851
34211
56807
59209
15443
17207
71209
6397
41227
383
11447
10243
227
10111
1439
25391
22481
80149
103357
58477
75709
58699
68443
26597
83137
6043
14633
99259
99223
39847
53069
75883
73571
2819
809
75967
9349
29723
18917
9221
2389
37447
103069
84247
42017
56267
85109
60737
37567
48299
11801
45677
12011
84919
14723
63601
53717
14057
104393
96053
3889
40897
22621
12113
48989
1663
78721
29201
317
39383
9413
63397
39103
33851
55889
103171
60773
21683
23833
98123
74531
92557
1019
100703
79997
31033
7433
8783
77929
10501
26903
16231
1429
15271
32117
50023
26113
46633
14551
95063
18869
56929
85903
100003
59393
38707
8461
55829
54011
6317
383
100669
70009
15131
45833
31333
22111
54647
8581
93139
31627
96779
61979
101051
49811
59083
20287
82483
45953
98323
37889
811
829
98299
50441
101203
19597
55889
103703
34961
77269
95231
7577
41947
62929
77783
78623
28927
78787
47599
63443
75869
58439
659
11059
11777
17669
30893
90989
20717
39239
17417
83591
17581
39827
1801
97847
98411
92707
95891
43661
34721
2683
63781
55343
88223
499
91151
7237
90527
68927
81023
70439
67399
84871
75533
40013
90187
51827
1723
39097
80657
48991
66347
79301
13487
33767
63281
94121
25793
28807
84223
61051
46199
87721
2857
47513
86767
68521
3929
3229
72211
7321
10193
25303
3617
22853
97157
51563
49463
70157
1163
18719
28057
50417
58937
7039
71119
44879
60953
3583
9161
91229
51199
79159
72671
94327
101207
39113
22901
63577
82219
91969
42853
36583
56101
104659
81799
67957
80051
19813
1721
3019
69379
64237
14747
56087
78643
28349
99761
104003
62219
79699
67139
4651
75437
59921
49787
74869
65449
9473
65563
49121
1873
47147
96667
34963
21407
81283
10993
37811
48799
44909
52127
16453
89399
93179
36479
90847
2897
2659
95617
59053
83227
35401
96059
7603
29881
56383
29123
12821
85991
16651
101489
80761
11149
37511
47251
75269
70039
22171
54709
49667
17393
48563
37123
17509
87539
49603
82729
967
86627
6143
49727
83059
68141
34211
55663
74167
97157
13397
15787
32771
44809
18917
45119
10103
33637
56827
64663
99571
40241
58193
85751
102301
91867
65609
33211
16073
100129
23971
92297
29017
34211
16889
56569
7877
53611
58243
71339
38921
22369
48049
72461
5857
99041
89797
1399
52783
23201
23557
45389
36643
15913
17581
102983
92789
46153
65171
87629
55547
55631
5077
34319
78163
60397
84319
24251
59611
32051
89513
37591
98179
99083
54983
59183
58231
19993
10651
21001
100537
35401
59069
28069
84787
97787
51679
54983
14347
52639
13267
55511
49523
9007
58711
57467
46147
54421
64591
76123
18671
54091
59113
72431
14447
103067
44501
7159
93001
88469
617
20323
1483
6343
17569
91909
50321
42961
4391
19447
21523
53381
97967
51659
26987
19073
15991
92707
51907
43207
69403
40939
47459
3637
33547
9907
87959
39229
88241
26417
98327
64877
23459
93967
46511
62011
26041
95401
59473
97861
11057
77711
103387
23537
83869
33613
43889
64921
63419
36997
53699
27823
16607
41381
102061
29833
76511
53323
18749
24781
81199
96581
38459
93827
953
73141
6857
72221
92467
86627
13999
97387
33931
52457
91097
2069
99233
73553
63389
72661
45337
60703
71437
31723
101207
41603
93523
71807
28387
101149
51787
77201
293
59107
89417
42463
12301
2903
72353
45841
60397
98573
5449
11827
75109
66809
80473
5347
69431
75437
34511
12637
6673
29959
68279
13
95881
103913
4357
42473
25163
17449
18181
81847
97151
7079
23297
56519
60631
36307
44281
69929
76441
52301
88873
42751
18869
1669
45293
33569
36131
69557
1439
15233
89783
42487
81233
60689
93703
75011
84179
85363
71069
58271
41513
28927
73243
101599
36643
99317
81199
33347
80557
17581
31817
100501
12107
7043
96911
44491
58337
99623
52567
19801
55217
67927
487
99349
24337
57853
20047
61631
48337
45541
82301
10111
18169
11971
82339
47659
31517
34519
92957
92569
32191
29131
57301
41911
45289
5483
89153
32009
51913
93581
9043
50651
104053
13177
16673
15727
27743
14009
80369
86587
68813
98807
937
78643
88289
60617
8369
18149
104047
93199
15427
80929
38707
50159
29399
22783
44971
99871
15121
52747
16879
41593
6007
50177
15607
62501
44383
6101
71329
82393
18539
14951
11813
103183
38047
70223
10739
80681
49789
95707
52361
58787
64937
89449
27743
57641
68897
40739
41117
65419
78887
81551
29131
78191
24517
1499
27059
9929
29443
99607
8161
48409
31183
1709
83227
1069
84181
43759
103421
49477
64013
2557
57773
51673
58943
59561
47791
31649
27737
51637
100537
26003
23833
28319
94057
96289
1093
66103
27073
70451
32441
64123
49727
1097
2999
40127
47143
2957
37273
13477
11867
75037
103529
87277
25219
11261
1531
2411
19727
79241
59539
85621
25589
50909
53197
25633
35923
32497
54269
74923
93307
7639
15739
98429
5701
23833
15451
62467
57389
73771
90281
79201
95111
16657
99241
36299
92467
80603
26111
8369
60013
45281
81043
67
28771
18439
78347
47533
97847
100019
62603
14629
55663
71129
85999
104723
33713
33997
94427
57991
24499
20261
93281
20753
83089
5233
91801
94153
48857
86951
38447
46133
12539
75037
27107
29387
42961
76837
16067
29167
81967
64399
40609
48371
73237
49891
46681
59567
103657
81527
45757
16529
11117
59077
96911
88427
51769
55933
50951
101879
31667
15767
64679
69313
98927
101359
50333
2803
81769
63361
102181
39199
75533
64231
42169
6581
47977
12379
21851
44683
21419
37997
38371
56369
39841
46649
91249
8849
72671
37489
70351
104549
16189
90217
84871
97849
25903
51673
35771
72707
13183
34381
3821
58603
18097
49747
22807
16141
94099
79333
33829
63949
64283
69259
59651
28387
41893
20411
90989
14423
59581
3461
12301
51797
83299
29311
51241
83561
68141
72161
35149
29147
81199
6451
56167
22817
62869
85577
60923
71821
62233
68473
51721
64333
1373
69941
60149
44531
40739
35899
57077
14243
51347
52027
59399
85103
85843
79549
100801
45061
53887
32063
72823
45863
30539
1997
25693
65921
1933
81703
94379
89119
87701
45863
76303
49559
11807
90641
103643
10949
1181
56531
17477
103669
10259
24847
26417
83389
73523
74201
55501
34807
49297
18367
21611
48473
4457
38219
33547
39883
347
22279
82997
52051
70901
19753
2861
8363
42187
2221
24407
32309
31051
7753
79151
947
73679
72269
19541
32297
95063
13249
80107
15361
90997
67789
14741
74203
7583
80149
45259
46901
46441
88079
30103
65581
31123
99259
73999
4409
11969
95597
15803
55889
89603
22003
73907
38261
66653
5167
96779
13759
33301
23081
103357
89083
191
97609
1951
32831
72089
2593
76507
17029
85817
15193
21863
38611
84467
56081
83903
37223
68443
67153
81533
79133
35527
1307
14657
29303
92669
18757
8221
57467
55639
78101
43787
2411
58391
167
17989
24611
45281
91951
96731
311
33721
52267
16693
79657
90989
25237
38273
55921
67979
74857
29873
62299
15497
17789
28559
36857
102539
27817
71887
68351
38711
62731
57259
2153
29989
67003
41603
83401
10499
49459
37537
38113
88093
67339
15901
32441
22013
37483
14347
6709
12583
63499
78179
98627
37879
79367
64453
33863
21283
30133
5867
1373
51907
401
57793
44111
96787
85369
38261
51539
14149
97841
88019
85259
5923
7309
61609
79823
85847
21319
104623
97579
26189
54419
21701
5669
26893
97169
48757
8081
93097
42821
29251
26387
34303
83137
102253
36137
9221
56041
37831
41851
91367
57901
15787
55073
20593
79609
70783
36901
4889
38861
91369
54521
97151
44579
24121
18397
55469
54133
73387
102539
78367
9227
13723
13681
23677
87323
88463
50311
13033
44843
56443
69899
6637
18311
38329
727
39157
96461
1733
100103
599
11071
95813
5471
34457
3301
62299
1433
79159
71287
25799
70351
6133
62903
91097
75407
100913
87223
7043
83443
40903
48677
3917
53987
102409
45061
37699
59341
35081
11941
81647
21817
58967
104707
58073
21149
87683
35311
70199
41999
10193
86183
38833
10939
25873
63281
82633
48049
11717
97159
20201
18269
77929
36263
82633
25747
2659
91631
6421
45289
16763
87683
87803
102643
74077
86477
48247
23753
53819
86351
47779
15937
92821
104327
46073
32563
17923
10859
89413
46093
87277
73331
46219
14653
19471
3491
971
100801
34589
99709
5297
48271
27631
55117
50221
62827
72287
36013
32537
18593
34231
22469
89477
51461
14071
59671
98837
99901
21397
50047
81181
89519
20161
68539
23269
62827
54773
42437
62423
7151
97609
22381
35977
44927
45989
68633
61261
9721
13103
75577
56311
12703
81619
91591
47353
52879
41281
100393
102181
44789
71209
64123
60149
53147
33349
72643
1579
59387
89003
5
99053
84811
15331
80747
101737
75553
26947
96259
56443
63067
11069
50329
47491
30707
36583
56827
50543
68531
10891
93059
78977
46441
87523
19483
37339
70877
63977
53269
30871
44543
55229
13327
2861
32203
81919
3701
15887
74017
61471
67619
21929
3347
63079
103079
30649
70879
1123
33427
41549
83843
28559
857
48817
104309
9151
83537
96769
4871
62141
24919
80671
12241
31859
86453
79579
13759
95737
74623
48823
13693
63277
72949
29123
48611
44983
82813
25169
99809
83719
5003
75967
6829
101531
3137
98213
92893
25703
21563
41357
17401
95923
68699
57731
45979
67481
103357
36457
9199
26407
45943
13151
32987
503
17029
41669
23561
33811
79159
60527
50053
103837
19087
81547
68531
95471
1777
54167
33587
11251
31151
73351
21757
91183
29311
39251
49531
47977
91097
53161
47951
17431
66739
46477
18433
83969
74929
74717
58771
8161
97849
15901
41759
4027
98909
2161
91493
20183
25741
83761
59981
14723
27277
82813
25799
87539
11597
37589
50153
79537
90071
31957
35569
48311
96059
39499
23593
90901
41257
20261
64969
63067
67453
103669
49811
39521
92179
95429
14627
93089
38561
12251
86453
34841
66809
90239
887
76673
35447
1907
54917
90371
26717
94441
65213
27367
32587
13477
102503
43261
26321
57587
83389
89459
58031
74747
73453
69491
29669
42379
74167
92699
1889
95267
27431
104369
83969
17891
98641
72269
11779
22943
52673
4073
3167
59663
46997
30931
12853
93103
91813
96851
7963
19541
87421
5413
683
35053
51263
84713
74507
102547
55547
19603
3631
18289
66221
20443
23831
42683
26539
9547
18797
76079
66883
23719
94201
102241
13669
84697
54293
36523
41903
97081
41759
67409
101173
87383
26267
99191
34687
4549
42929
101383
74527
2833
100733
44699
28283
31517
58393
10949
95003
59443
44449
75479
59999
15739
98453
59539
1627
4813
52267
19997
75821
74279
89269
72661
104089
51031
39113
79301
39569
99023
49633
11257
37897
31721
92707
8287
101599
62473
24121
76421
95093
28099
69691
101771
20717
83077
67399
41117
55631
5843
56009
5869
63853
98887
89689
69809
84737
35023
57917
6323
49823
70619
54347
4363
46199
98773
81853
68711
22877
41513
90709
83777
56747
71909
16699
14821
39727
102203
44777
99173
38237
5153
42923
99581
12541
13687
61357
69247
52177
41077
74231
28843
90217
93937
20639
7789
19489
21871
88897
37811
98981
46807
77659
27073
69997
51839
30637
21283
70373
99991
32261
3301
39863
1877
59083
33769
56401
20149
16267
65479
46147
47093
51061
35117
65323
39727
76651
20443
19603
55399
94823
95279
51487
21929
74047
42209
31387
65111
98429
90931
64231
19207
74587
68891
8663
61441
40471
25801
53113
35099
88721
2207
72617
19819
102499
85087
46747
2039
38851
35069
75403
23677
73471
70111
33353
44579
69709
64439
62683
75611
18503
62047
74159
42929
29399
104287
62383
97961
8863
78989
102593
14549
41543
71341
92333
58477
101797
44819
91921
90641
64499
48539
101879
36433
19553
72493
9803
57413
90313
27509
29803
67219
27919
96763
91577
46103
103231
59233
86111
100699
41443
70051
54829
10631
54049
9341
12479
103183
85213
62473
39619
78167
22283
1789
24197
83597
78517
80863
51239
26801
41603
22441
34693
6311
68507
42379
95549
42187
56611
72109
57727
8693
5099
86533
32173
19001
47497
93371
21139
51061
59471
54121
84053
50053
53629
64613
9923
15583
72649
62851
17189
59407
96797
3989
66791
77093
81181
94651
4817
29573
86599
81943
52189
53149
77237
94463
23201
77237
44633
76003
31259
911
22637
72889
93637
54403
12541
8693
89963
2837
79823
32327
6857
61871
65267
30977
42751
39251
37463
1097
6791
9187
48733
54779
103723
70079
63079
71947
70181
85933
51721
23173
6389
46723
6481
14387
41651
17939
96851
61667
95479
53411
22937
77929
57259
102481
7937
72341
12853
37951
4889
79967
68891
70489
77081
77279
21727
20939
10909
45433
102337
29833
101341
103801
79133
75503
56437
64633
22669
70181
81353
58367
42169
102563
4157
503
34367
24281
22817
839
50359
661
28607
65647
79559
100279
58477
12097
56893
15971
1031
9887
19571
35447
21503
84349
62311
66587
36131
47939
37361
71411
47569
98597
71257
72497
39229
16217
6451
68507
77731
95957
1951
22013
87961
8053
75967
92479
60509
82141
42359
65003
18341
32993
96221
80309
2251
6197
16187
5227
23053
16831
58693
95419
58243
58603
18229
37123
21673
62129
49193
88883
63079
99643
76259
39371
1637
26393
60217
44651
59671
2357
7759
88223
102841
79811
90197
52861
54371
34511
101627
4217
10607
58363
70309
79669
26687
61561
87517
11117
38453
607
14029
61927
72341
90203
12889
44917
52249
80051
35969
11117
34897
44279
74729
99563
74713
10639
17657
72673
15413
65267
87299
89867
75539
40213
59281
75721
6343
36527
71867
15971
11617
16673
4813
102559
92987
4933
78823
42467
82037
55337
7727
35731
55457
82493
55681
21683
7187
83221
101863
42943
32939
33151
73303
32983
677
73369
75653
69313
81667
93559
56263
21599
51551
50707
15959
77447
78779
8059
6203
99809
75721
42013
96581
79423
67339
47087
64301
71143
67033
40637
37019
30529
95629
38723
47363
5227
61757
50893
69829
49417
13477
18913
87691
26681
11939
31849
50231
32987
27647
54419
37423
5167
94343
63211
16369
2683
39679
80149
101221
4271
100193
36721
6737
34631
48463
74219
863
99991
98621
56711
15601
51229
87221
61409
109
98269
34897
17539
22303
37967
22501
72547
72173
18523
52313
54401
4159
92051
9337
9343
18839
39709
13417
12263
10799
62477
73907
103079
51581
51977
65929
61861
55229
94873
1289
49523
62003
13669
103231
88993
76253
40283
73943
88079
35797
14939
54101
26479
53047
1051
46147
64781
90439
45767
85313
55001
48271
61363
18839
18973
36791
2399
85571
32411
42689
59419
33751
87511
45377
40939
16691
52571
62233
83299
36847
86753
12161
10651
65323
38273
47
87991
100501
27583
96997
94723
88667
15263
32327
24989
38971
71429
3533
36383
23879
34747
13001
46811
6211
25589
32237
65027
30931
3907
98561
55249
33613
43963
67181
31151
91703
71741
67121
52267
80167
67211
84191
43783
20593
10133
43013
9043
49937
77713
46261
102299
4483
90371
2267
54833
51593
92221
74731
27179
92959
23203
44633
54409
74323
69997
14051
87833
4091
24077
65183
44131
48871
23747
37907
19121
64223
37547
76213
49787
48073
70783
25609
4049
67043
24007
68141
52639
59509
65827
2357
82483
58991
90071
87793
93901
86573
36877
15451
14083
4679
47513
60901
773
96493
32063
53591
55681
43103
9029
35221
96199
75641
24979
75367
31019
80599
27941
55021
81043
13469
82483
1237
35831
100801
30197
99289
73721
17449
18257
14207
78919
3989
91411
33037
9349
51713
44879
83063
65353
56809
48121
98123
30983
27751
11831
51287
16823
55799
18493
47977
79997
59833
85571
81689
83089
86069
21407
76231
14243
21599
14831
5419
14243
653
94907
38791
51913
81173
97649
38959
43321
67723
14551
12659
6121
19681
18253
80141
40433
4691
59743
16631
41543
65701
62929
91837
22727
91957
69821
62549
52489
91867
36599
84857
56053
51691
97613
5399
89491
35257
44531
54437
41389
86981
29333
26417
84137
103657
16189
80627
40351
97649
51137
100829
25747
95107
28879
45587
95003
29443
51797
68279
45077
13751
33749
100519
61463
65557
12011
75329
75941
51647
8537
14323
61141
35081
56633
38593
86951
2851
35569
90863
49523
4211
419
22541
47017
1559
10601
36529
60679
71671
46477
74197
61379
769
84263
12473
63419
80141
1399
30059
32009
65951
30803
24659
10651
71941
21491
77369
64693
17839
28979
46103
101977
54151
4051
4729
35069
4657
31177
72661
95083
73699
6473
2729
102461
93427
13799
94151
28759
95441
49477
57179
25013
9199
42323
76493
50627
10289
31013
84961
66137
92681
70981
3803
64319
227
99439
9403
59621
8273
39079
39631
18049
2311
81001
58027
9587
104711
80911
18077
59561
76253
100469
4003
3253
11969
95783
72623
15679
2777
79999
60859
73961
2903
81049
94099
17497
39133
95233
66103
68329
54013
40429
41893
17183
28927
13691
3613
24151
24979
88747
40493
32503
56543
63589
5743
64747
5437
14149
97387
23887
44729
73387
82903
55171
96553
103319
57727
51479
17789
42457
24499
47581
16091
15569
61603
22307
97
64433
91151
6781
50513
14033
64381
70163
100613
53171
9199
84229
24359
85229
91969
55057
38153
92233
60953
9293
48889
55547
73613
42373
92567
56209
17389
17029
92119
80191
33601
11059
82601
20693
67829
853
98377
12109
1367
19553
9473
56377
29453
8233
9397
84991
77137
15497
69073
99191
73243
8713
70429
23497
42677
65851
50221
51869
83933
71143
97523
66919
39217
72493
91369
64373
12007
49139
52667
66107
39209
47087
34703
89533
78437
91369
54497
66463
86353
71861
33181
69119
56473
53777
82759
4451
79309
83023
102929
103423
78697
191
92051
76519
68821
10739
10937
4583
74027
51941
20183
104659
19429
41611
69557
40847
30983
79357
22409
84673
36787
85817
6659
26687
22937
9157
37717
27191
61417
55213
5839
37547
12343
76379
19979
100391
20681
77153
72673
52883
6959
97561
1301
80923
39929
87071
87961
60821
13367
233
64577
3877
14633
70051
67807
24229
97649
56543
3371
20063
72307
43573
18253
17749
25841
67567
97579
16421
104161
86171
36821
42181
26783
102161
26711
5531
41201
87719
89189
97499
463
41227
56779
53609
38303
47417
54709
68399
13649
30517
9137
24907
42719
64717
31183
5011
63487
33049
10463
4421
38833
22973
61843
56929
12241
82763
16829
93329
57259
85523
73387
94747
5689
81349
33941
83101
60331
719
4729
58237
95443
61153
80491
7691
101149
29243
59699
62323
59233
44027
41113
28387
23773
311
102931
37423
15901
1289
9539
51637
91459
599
32377
102653
49429
91099
60127
32413
15607
12149
29129
90631
15727
35771
36061
103813
38833
54371
16007
7001
20129
8737
47441
64271
98773
38821
61331
78167
52879
92077
98573
62171
62597
15643
38833
41507
101027
56501
29021
13883
12379
6871
34319
35141
10079
76261
74159
72763
33311
88919
51839
33053
78593
81163
23039
46049
99577
23671
33083
78259
84859
91967
22277
29761
44531
94169
2663
44249
47933
39749
39761
89477
61099
63649
15727
49499
82189
67477
14071
97687
40933
50341
37799
39191
99871
48673
94433
103583
5923
100379
73757
18301
87911
3089
45989
70183
3529
2843
2341
54673
96671
98009
11423
37547
71339
10949
70687
18869
67531
18301
24977
43759
31121
35527
20947
35809
61987
38639
63671
30391
15173
41387
78691
51659
10559
71671
15761
57467
91183
75533
39119
48109
90437
75181
96821
20693
82351
77551
15761
70841
14639
50411
14563
44263
78919
14737
80167
83203
31333
92083
26723
58109
5167
40351
17707
89899
4969
35831
26641
94529
38833
91291
2411
49787
45197
62639
45281
3943
44851
20849
15559
87557
19181
61909
70877
79043
20357
50441
26539
78583
13007
65929
103123
57097
22067
59209
3359
59753
92317
24923
52567
93169
7477
87977
27529
73237
15101
75583
93983
90529
72869
2371
27509
27179
39181
17417
3089
32843
2917
77419
61001
72869
37159
10687
49811
54917
74363
79133
40961
30649
13171
10301
29641
5009
91229
97003
63647
5087
8831
34033
66173
75511
69623
35059
49033
2741
31541
8933
68087
7211
101749
59999
61493
40361
94117
72271
82039
18911
74597
7573
20399
37517
7237
59561
9187
26107
53593
22481
21089
93263
47317
61657
3467
71411
42463
54401
85667
101987
103687
36529
26107
85093
63793
12511
37781
96959
71473
31391
95819
38803
12527
5927
17231
24821
29387
69337
29129
83219
31147
32327
93949
23279
67307
87421
85661
51977
16451
43889
83737
53189
29927
14813
74131
103889
1231
38749
5783
19991
34693
86197
22993
58511
41549
92269
4129
51169
79813
20149
95071
87553
62459
61331
77339
90247
51407
35923
77719
81847
26423
94099
50773
61871
29209
100699
21937
23039
54011
101789
96763
77317
88339
46643
11393
24499
733
53003
97511
64853
15727
95441
85487
857
78229
30181
25741
101273
49019
71941
13933
91867
96259
83417
100733
5639
102829
8161
100193
3221
36017
14387
18143
6659
64817
39863
36637
9239
20921
74471
2693
103141
59009
73679
51631
43159
35393
42797
79139
64381
49369
6619
6833
46381
2269
2729
86453
56123
84751
72497
4421
54773
86357
30097
57947
91873
20663
35023
60661
14827
95191
16091
62627
1193
48973
1657
94063
69149
10177
97117
95003
80911
15641
25919
8807
18947
28069
95923
93937
93283
35461
24203
66343
74231
9547
104087
11971
48259
56239
48023
83653
77587
34313
91387
199
39409
30763
24197
84691
60539
98321
67511
69473
63527
20407
61507
36997
25349
56167
102121
28933
58049
401
9463
99989
59797
13711
15493
5953
75011
27791
35059
103903
65419
3467
27197
60343
14797
75781
22817
72973
24877
85931
49627
3067
29201
467
29303
78839
64153
103217
85903
9067
34403
33191
59929
24799
75781
80341
11981
26297
56897
2003
7703
1427
72907
101839
3643
95239
53051
42509
83641
57041
853
81083
10567
9791
95413
17491
59809
49667
91823
63853
72959
57097
23053
5857
67589
36241
42071
36551
56099
95483
17681
63397
93383
1753
33461
56873
15737
15737
32719
55331
63599
85133
11093
39883
11393
27509
52067
21377
31019
15427
23911
67819
68491
12347
33343
47459
72551
41513
58763
46829
100741
991
33911
13799
87013
20357
58453
75401
76289
97369
35381
49499
89009
85733
102953
66359
94253
23159
12119
76753
227
62099
71713
94889
1061
87751
14923
53917
16699
76001
2477
103573
75931
58543
19997
509
47699
37321
102761
4951
57781
72139
71503
28537
7639
31393
74609
19949
56093
21061
104527
29663
23039
1367
3023
70549
20507
68437
32789
71909
27337
88019
64091
41761
80761
46061
55897
13229
78989
94651
13649
11779
6121
97187
45433
16981
52237
103967
34141
96281
26021
42239
99971
53657
28477
12917
100183
52259
59183
43649
36901
61751
22709
65413
12289
19717
66467
78497
62987
54421
13229
84307
33053
68443
76159
21751
95881
68819
40531
13763
72469
99497
57139
71917
27673
4861
84979
37993
1117
18269
83357
33247
51133
36781
34747
19139
83269
48049
78779
21997
68161
4013
96797
102667
92551
48023
29243
23173
70891
82037
15767
41467
8101
82207
55829
62071
44417
39791
23
94433
30491
26881
91493
42131
31883
65123
91141
104147
3181
72379
47599
86017
4957
85243
9203
37199
41539
96797
76039
51157
67901
42071
11777
60631
36493
73327
96323
19681
76243
10559
55849
20333
27883
61879
9221
84239
85487
61333
92893
41507
66571
94331
69149
9377
12071
96451
102061
22367
89939
45247
12323
61987
99527
41887
30181
51479
78203
36587
37643
8581
81239
40013
35863
104723
32647
2837
71999
71471
57689
77339
22921
80621
80779
2713
78803
73243
67523
52391
49177
25439
97441
19121
6977
90547
38917
59107
38501
22279
67699
21773
72689
66553
16519
94621
65981
76537
77731
33623
6563
88547
92363
75391
43793
56093
60689
20773
58711
50627
7687
89393
55339
92791
3089
1997
92899
55639
59243
20719
64081
12343
22549
4519
40213
104471
46451
68791
34631
8819
8297
33487
62119
43151
33769
65609
31729
43691
100291
31891
95177
77489
24799
70793
75689
45823
89303
79241
54277
45289
81817
85703
6703
74279
29389
5413
41023
53719
34439
79139
63361
31741
102643
1447
33119
62591
739
93001
4157
79601
80537
78853
2969
59029
81293
36353
4483
21871
38231
12703
84947
91393
93563
73951
71713
14303
94723
53377
38737
93263
26993
33013
39619
54193
49633
84421
13267
63607
90227
7643
72031
46681
48409
77681
32233
4951
76579
11617
83791
9337
35059
22003
37643
8039
53993
44263
61631
82349
14503
28279
84317
15881
77527
87701
60017
74507
64871
74279
45767
12161
52057
11447
26029
64627
61583
76081
95279
47431
60077
59053
4583
98269
76837
51059
50359
101377
2693
64399
56467
97931
76463
93607
31847
59023
76913
30313
84389
7993
68489
103993
62081
92657
22229
86111
16381
37483
36073
68227
63823
26459
35951
44053
14591
89627
92899
62653
20749
75883
20389
1373
71443
85597
35977
6373
293
18457
61751
63667
25121
84307
58757
46141
43201
1031
73561
8147
90401
28627
61297
70769
53161
81817
30809
21649
82307
78887
14897
85333
90247
94379
55661
34693
93703
29207
5741
49081
4651
93253
31153
30977
2039
6073
97169
13523
13831
77999
70481
65677
68087
21377
73973
4783
44491
12433
23167
64301
491
28517
61231
8117
49937
35899
82723
59419
19763
49991
82141
36767
28751
18521
75611
101081
46757
33533
23893
1249
20717
67979
31
40031
23203
37963
38671
44531
47939
773
12973
29327
85061
22783
38903
24337
6317
21589
104323
14051
62351
61099
32159
92243
15887
88301
33211
89123
73309
76369
49811
8893
80789
59243
90203
20809
36559
11789
71089
57667
51521
54709
55201
64997
67261
96749
71363
89381
15373
6827
9629
83459
25793
96211
8761
104561
96199
41
72383
54331
21521
49139
89963
26153
11093
40699
2549
43117
86011
6089
26407
773
104233
18451
18191
82847
93253
89113
18301
50849
13093
104113
75227
77933
32713
38197
92489
73727
76561
1223
87179
24469
91381
28751
4561
81937
76943
102611
50221
62633
17431
69737
16349
68329
50363
93287
54293
9497
84319
59387
75611
70393
14071
104231
37889
19973
22381
22259
43991
72139
40429
12619
93059
90191
42391
56681
18061
95923
65929
6521
21317
23767
13697
88093
39103
37361
30469
44111
42491
20399
58309
42299
81463
809
46439
8369
12073
9091
80777
88867
85193
58049
401
93481
29269
74609
48281
89261
19991
23531
84229
55337
53597
46477
37019
81409
63337
66949
90023
30029
68171
73693
50383
35323
83689
100103
15331
53003
86711
9127
50849
54773
10937
49123
101183
85021
13613
18583
15299
46451
70139
27481
12601
87151
2011
14221
59921
79699
80341
45343
42397
72973
1549
82757
94999
11677
101333
11069
18973
73883
19961
21523
52313
58481
13187
19081
33353
51853
23531
56543
63487
33223
21499
4357
80933
29383
27847
103573
42793
92003
44701
12323
86783
69401
75211
65293
100523
68087
78607
59743
88427
96053
263
46349
38693
102293
21061
90499
63719
64283
42577
99233
11257
102367
77621
30347
15271
33343
179
71209
51871
97511
49331
74047
62987
37571
53233
75401
70501
43781
61363
15733
81457
30529
11317
100361
92461
17321
23827
20707
65497
89513
89069
81517
7297
21529
54563
61031
43961
1381
56857
31849
93851
24379
15919
91303
77557
1471
72671
1619
1583
46477
20261
56671
35869
91801
52183
937
42677
16381
50263
20521
34297
41357
83737
32717
74323
59951
34061
4729
85229
80207
41341
50549
24677
41263
82591
78877
61979
12569
8243
94543
84463
81943
26993
90917
20183
22193
38303
74857
100501
82189
52379
52883
13907
52609
30893
32183
45403
47543
45737
80819
3917
103291
51929
91733
9157
27947
98711
33863
75611
97259
100103
2281
35801
29429
101287
43987
11317
13121
27361
86851
20743
45569
57751
20407
59473
38629
64451
15581
2687
1733
20899
18041
20147
67733
1543
70157
9767
14293
53831
17627
54979
95327
84967
7907
93487
70627
47533
8419
50957
76733
63473
71059
72973
27953
18797
63611
56963
80603
56501
75967
45281
103811
13627
27241
46187
17033
104479
46807
50131
20333
29009
79757
55073
80341
62819
8933
61007
65267
1049
80849
7691
67219
57037
17293
73643
811
70379
62987
70951
45707
41399
27901
11789
27367
10513
53197
14159
43933
59239
93407
69557
19181
15727
80473
69763
87931
54361
87977
68239
65809
5573
26267
45439
26347
63667
50671
34057
3323
24469
16937
773
34127
49807
51769
95707
1171
10607
76597
7549
32029
6047
38891
48119
52901
2551
85199
74287
80077
86579
18077
32983
77849
99829
39989
8803
34807
59621
61991
73561
95507
593
32189
89597
96289
8663
102929
49787
22643
39367
42337
65777
13723
10009
23131
44927
66643
4813
63689
74567
51479
81971
69257
80747
83983
39139
95327
93559
50671
22709
53233
29429
47743
24179
103357
22961
14009
20129
45833
509
46451
31793
102911
97169
90547
100019
71143
86813
29347
102611
84121
53117
90647
80347
7867
80051
44267
75353
65981
34871
53003
18287
73771
30059
92987
95027
44171
6221
65011
6269
83407
65447
33151
80687
85853
10487
53147
79861
71287
21121
2411
9733
39119
11927
2903
88651
36269
82799
50087
739
17791
86077
4229
21577
7333
65479
94819
53101
46559
52957
23593
54361
86969
29959
58631
71261
18539
100391
88873
41771
71443
54973
1709
73613
48247
3461
92641
56239
2087
83339
76511
29917
1061
65479
7417
25919
5867
14813
69263
49669
72931
3079
36563
89519
58189
6977
95429
48091
2819
77783
10301
17761
22751
94781
10091
82571
39659
58057
59621
90011
49037
32369
42703
18199
91639
7069
79451
13711
89657
46747
17107
13669
38737
50383
17443
84533
3803
9439
92347
7583
653
97429
26119
31601
3727
32141
59107
39251
3559
64171
21319
78317
7247
37547
28163
28949
61031
7687
62827
81439
11399
23773
51853
50891
4133
43781
93307
27011
69109
68213
10589
5851
53887
31663
96757
16879
47809
43963
29167
54049
53897
104543
23761
72173
17401
29147
14887
65287
41879
96443
56197
6317
39191
3221
91801
46279
52501
6761
83761
50839
96137
42443
11953
50833
14387
90401
35951
99901
58043
14029
6833
13
57389
5479
6359
58109
49613
54361
82351
20627
59063
47123
43067
5981
91129
68059
59069
90437
45691
61547
29297
26111
83717
34843
40039
7517
20353
17351
36007
42467
89
35279
32069
19699
55511
37423
22859
61987
78401
98963
16787
38821
65993
21529
21943
96461
86069
76249
40009
65413
20959
58603
100279
86131
101383
57119
70901
38993
93763
73433
34213
70321
79537
57973
28751
17203
11897
26927
48541
41863
18433
1801
46877
13291
47161
103349
71089
21683
48259
90313
64937
77587
33641
12577
37691
71549
101869
4817
39239
22283
56479
20297
40879
3229
94949
25307
17939
25253
22157
82471
83537
13099
77141
21683
42533
75833
17681
67939
78157
91573
30559
44843
2699
90989
41771
41849
16693
10987
89779
99787
74933
40949
63079
48049
4007
100699
6781
75041
4561
102871
619
10663
64067
63577
51487
51631
17599
80387
101489
62347
47807
39511
69031
48571
12821
81707
67961
15137
7057
263
90787
6337
47737
14813
99241
88261
36607
70183
7561
71789
60631
10243
79193
5557
55813
84859
45197
2281
61861
97423
80603
47527
41737
81293
95603
53773
74609
51031
64033
36187
100829
77621
10457
30869
52259
77513
84059
64871
49123
77773
36563
89003
15017
76261
11299
41863
2417
36931
73471
29269
27283
47059
77521
14543
91253
1987
18077
34231
19121
991
22871
10909
33181
73643
73237
71821
15901
68113
66529
46861
84967
33599
63611
75577
55399
48353
27337
80513
83339
102793
1607
37717
26161
102433
83137
22691
91753
41539
48889
3739
27823
8609
82559
36599
104009
43963
76099
19553
101483
53987
77521
32983
103811
53927
36341
50221
33161
65497
5987
82301
60089
53917
94693
90073
109
10267
76001
93761
74381
86573
79561
63577
12659
38371
102523
53951
44059
30517
71663
78797
27281
37181
31307
51971
60943
86083
89983
15473
4877
66161
36571
84053
18503
58229
4261
26647
17359
99391
643
16937
77201
83047
79901
16901
25999
23993
21269
6761
51637
13613
89959
14197
74903
29453
19751
37061
367
85781
90887
58631
19469
8521
72277
81883
62071
46049
99643
8377
20693
11677
100547
22433
58889
41719
89561
57223
709
80447
93763
51151
78101
35129
29207
36073
18493
51679
24923
51449
89449
48479
45247
98543
75037
90187
22279
57251
99431
102563
47809
18749
13877
54517
76343
48533
68729
59833
7877
75941
251
65183
94687
82237
5039
77509
90071
16747
87721
12577
70459
20747
92557
73883
96973
3389
12853
68281
55061
104417
95231
8969
86069
95009
42569
19889
93923
2447
