-1
-1
-1
-1
-1
-1
5678340
-1
-1
650430000
2097120
-1
86889660
-1
-1
64219680
-1
-1
-1
-1
-1
-1
-1
98581920
-1
138687840
-1
-1
-1
-1
-1
-1
-1
-1
-1
-1
539934720
-1
-1
-1
-1
8879220
-1
1317120
-1
-1
-1
-1
-1
-1
-1
411540000
1787460
-1
-1
-1
-1
-1
-1
-1
-1
-1
-1
-1
-1
-1
-1
-1
-1
-1
-1
604661760
-1
692590560
-1
4135260
-1
-1
-1
-1
-1
-1
-1
-1
-1
344120340
-1
-1
-1
-1
-1
-1
-1
-1
199980
423405840
-1
-1
-1
-1
-1
260071200
-1
5290740
-1
-1
-1
-1
17203200
-1
234595140
-1
-1
-1
-1
-1
-1
-1
-1
-1
-1
399766080
-1
-1
610062960
-1
168376320
-1
25761120
158159040
789381120
-1
-1
-1
-1
-1
543118380
-1
-1
-1
-1
-1
-1
-1
-1
-1
-1
-1
-1
-1
604661760
-1
64219680
-1
-1
-1
-1
-1
-1
-1
-1
12960000
-1
161137140
-1
-1
-1
-1
-1
749230080
-1
-1
-1
-1
-1
-1
-1
25848900
49889280
-1
-1
-1
22905540
-1
29582340
164640
-1
-1
65563620
2632500
-1
-1
-1
118651260
-1
-1
-1
-1
-1
-1
-1
-1
-1
-1
6229380
711141120
31875000
17374500
-1
-1
158235000
-1
-1
-1
-1
-1
458044020
-1
-1
-1
-1
163195560
-1
-1
-1
-1
604220760
-1
-1
-1
-1
915179520
-1
-1
-1
-1
-1
-1
250396860
-1
18045780
-1
-1
-1
-1
-1
6361740
-1
-1
-1
-1
-1
-1
330936840
10022520
-1
-1
-1
-1
-1
-1
-1
-1
-1
604220760
38372400
-1
157684320
-1
-1
839457780
-1
-1
521277120
533786760
-1
-1
-1
-1
-1
-1
-1
-1
-1
-1
-1
-1
-1
-1
-1
333020160
619020
-1
-1
23549760
206088960
-1
-1
-1
-1
-1
-1
157728480
-1
860934420
-1
-1
-1
568620
-1
-1
-1
-1
-1
-1
-1
-1
344120340
-1
-1
2150400
618449580
-1
-1
-1
-1
-1
-1
-1
255000000
144788220
-1
-1
-1
-1
-1
-1
-1
-1
-1
-1
-1
-1
-1
-1
-1
-1
-1
-1
-1
-1
-1
-1
-1
-1
-1
-1
158159040
-1
10307220
-1
-1
138687840
-1
411540000
-1
-1
-1
-1
918721440
333020160
353021760
128801340
829440
-1
328090140
-1
344120340
-1
84295680
-1
-1
-1
-1
-1
-1
-1
-1
-1
-1
-1
-1
-1
-1
-1
-1
-1
-1
-1
-1
-1
-1
-1
120022560
-1
-1
-1
31837260
-1
116124060
-1
-1
-1
57393900
-1
-1
-1
-1
-1
-1
-1
-1
-1
-1
-1
15381600
-1
-1
-1
-1
-1
-1
103680
-1
-1
-1
-1
-1
-1
-1
-1
38088960
-1
-1
-1
198476940
-1
-1
-1
811793280
-1
-1
-1
-1
-1
-1
871607040
4825860
58217940
-1
-1
338385120
53758380
-1
-1
-1
-1
-1
-1
-1
-1
-1
-1
-1
274457760
-1
549875820
177045180
-1
-1
-1
154452480
6044280
571687680
-1
-1
-1
-1
-1
-1
-1
-1
-1
-1
-1
618449580
-1
-1
330134220
-1
-1
24313440
-1
794277900
-1
97500
-1
-1
-1
-1
-1
-1
-1
6229380
-1
-1
-1
-1
-1
-1
33600
-1
-1
-1
-1
-1
-1
28964040
-1
-1
-1
-1
259844820
-1
-1
-1
-1
-1
62015460
-1
-1
67491840
-1
-1
-1
-1
-1
-1
97440000
-1
-1
-1
-1
-1
-1
-1
-1
-1
-1
-1
-1
-1
-1
-1
438083040
-1
-1
-1
-1
-1
-1
-1
-1
-1
-1
-1
-1
-1
-1
-1
-1
-1
-1
-1
60000
-1
-1
-1
214075680
-1
-1
-1
-1
-1
-1
-1
221933400
-1
-1
-1
477835320
-1
-1
-1
-1
-1
-1
-1
-1
-1
528823680
-1
-1
5088720
-1
-1
-1
-1
-1
50269440
-1
-1
-1
-1
83542620
-1
-1
-1
51443640
3292320
-1
-1
-1
-1
-1
-1
1317120
-1
-1
354960
66846720
-1
88884180
-1
25848900
-1
-1
779520000
-1
-1
730020
-1
-1
-1
-1
-1
-1
-1
-1
3292320
-1
-1
-1
264656640
-1
303433260
-1
-1
-1
-1
-1
-1
-1
-1
384570420
-1
4761120
-1
-1
-1
-1
-1
-1
-1
-1
-1
-1
73502580
-1
-1
-1
91252500
-1
-1
-1
-1
-1
-1
423405840
-1
-1
-1
234595140
-1
-1
-1
-1
-1
-1
-1
335344320
-1
-1
304711680
-1
-1
-1
-1
-1
-1
-1
-1
-1
5678340
97440
-1
122902980
-1
-1
-1
-1
-1
-1
-1
-1
199980
583297200
839851260
9227400
-1
-1
-1
-1
-1
-1
-1
-1
-1
305306880
-1
-1
-1
-1
-1
-1
-1
-1
-1
-1
-1
-1
39510180
-1
-1
-1
-1
-1
232427520
-1
303433260
-1
-1
-1
-1
-1
-1
-1
168376320
-1
-1
-1
-1
130560
-1
-1
-1
12960000
-1
-1
656462880
306979200
-1
-1
-1
-1
-1
-1
-1
198476940
-1
-1
157728480
-1
8355840
-1
-1
-1
-1
-1
-1
-1
-1
739583460
-1
-1
-1
-1
-1
264656640
-1
609522420
-1
192720
-1
-1
-1
-1
-1
286644540
-1
158159040
-1
-1
21603600
-1
386091360
-1
